begin calc
--------------------------
1061109567 1061109566 1061109567 1061109567 1061109567 1061109567 1061109567 1061109567 
1061109566 1061109566 2 1061109566 -1 1061109567 3 3 
1061109567 2 0 1061109567 3 3 3 3 
1061109567 1061109566 1061109567 1061109567 1061109567 1061109567 1061109567 1061109567 
1061109567 -1 3 1061109567 0 2 4 4 
1061109567 1061109567 3 1061109567 2 0 4 4 
1061109567 3 3 1061109567 4 4 0 2 
1061109567 3 3 1061109567 4 4 2 0 
--------------------------
--------------------------
1061109567 1061109566 1061109567 1061109566 1061109567 1061109567 1061109567 1061109567 
1061109566 1061109566 2 2 -1 1061109567 3 3 
1061109567 2 0 2 3 3 3 3 
1061109566 2 2 1061109566 3 3 -1 1061109567 
1061109567 -1 3 3 0 2 4 4 
1061109567 1061109567 3 3 2 0 4 4 
1061109567 3 3 -1 4 4 0 2 
1061109567 3 3 1061109567 4 4 2 0 
--------------------------
--------------------------
1061109565 1061109565 1061109567 1061109566 -2 1061109566 2 2 
1061109565 1061109566 2 2 -1 1061109567 3 3 
1061109567 2 0 2 3 3 3 3 
1061109566 2 2 1061109566 3 3 -1 1061109567 
-2 -1 3 3 0 2 4 4 
1061109566 1061109567 3 3 2 0 4 4 
2 3 3 -1 4 4 0 2 
2 3 3 1061109567 4 4 2 0 
--------------------------
0 1 1 1 2 2 4 4 
